; Depth Map Surface Transform
; Line 1 of 7
0.29448
0.29448
0.29448
0.29448
0.29448
0.29448
0.29448
; Line 2 of 7
0.07686
0.12883
0.11043
0.07362
0.01227
-0.13497
-0.44683
; Line 3 of 7
0.28054
0.14724
0.07975
-0.01227
-0.09202
-0.15951
-0.16691
; Line 4 of 7
0.44785
0.22086
0.08589
0.00000
-0.04908
-0.07362
-0.11656
; Line 5 of 7
0.51283
0.31288
0.15951
0.05521
0.03681
-0.01227
-0.01968
; Line 6 of 7
0.42911
0.32515
0.21472
0.09816
0.04908
0.00000
0.02599
; Line 7 of 7
0.09816
0.09816
0.09816
0.09816
0.09816
0.09816
0.09816
