; Depth Map Surface Transform
; Line 1 of 7
0.02454
0.02454
0.02454
0.02454
0.02454
0.02454
0.02454
; Line 2 of 7
0.19240
-0.06748
-0.09816
-0.09816
-0.07362
-0.12270
0.03323
; Line 3 of 7
0.08908
-0.03681
-0.06135
0.01227
-0.03067
-0.04294
-0.25030
; Line 4 of 7
0.15951
0.07362
0.04908
0.00000
0.04908
0.01227
-0.11043
; Line 5 of 7
0.31143
0.14110
0.00613
0.01227
0.02454
-0.06135
-0.08357
; Line 6 of 7
0.49736
0.15951
0.01840
0.00613
-0.03067
-0.07975
-0.10574
; Line 7 of 7
0.00000
0.00000
0.00000
0.00000
0.00000
0.00000
0.00000
